[Form]
DrawMode      = 0
DefAction     = 5
SelectMode    = 3
SymmImages    = 0
ShapeFront    = 0
ViewTitle     = 1
TimeStep      = 1
ViewCenter    = 0
BeamPathOnly  = 0
DrawInterval  = 1
AxesPosition  = 3
RevBackColor  = 0
VisibleIDs    = 0
IntervalIndex = 2
[View]
Scale = 0.001
Av = 16.16172257
Ah = -7.4636532
Ap = 6.31367021
Tx = 0.07468664
Ty = 0.08452781
Tz = -0.00133706
Zm = 1.00000004
[Data0]
AUX = 4
NL1 = 2
PL1 = 2(1)
PL1.1 = 2
NL2 = 4
PL2 = 4
BL1 = 0
XD  = 1
XL1 = 1
XL2 = 0
